SSR
10秒ごとに52%の確率で9秒間ノーツスコア+30%, 10, 9, 0.3, 52
8秒ごとに63%の確率で7.2秒間、直前に発動した他のカグラエフェクトの効果を発動する, 8, 7.2, 0.01, 63
7秒ごとに63%の確率で6.3秒間、直前に発動した他のカグラエフェクトの効果を発動する, 7, 6.3, 0.01, 63
6秒ごとに62%の確率で5.4秒間、直前に発動した他のカグラエフェクトの効果を発動する, 6, 5.4, 0.01, 62
8秒ごとに63%の確率で7.2秒間ノーツスコア+20%、BRILLIANTならさらにノーツスコア+20%, 8, 7.2, 0.4, 63
7秒ごとに63%の確率で6.3秒間ノーツスコア+20%、BRILLIANTならさらにノーツスコア+20%, 7, 6.3, 0.4, 63
6秒ごとに62%の確率で5.4秒間ノーツスコア+20%、BRILLIANTならさらにノーツスコア+20%, 6, 5.4, 0.4, 62
5秒ごとに61%の確率で4.5秒間ノーツスコア+20%、BRILLIANTならさらにノーツスコア+20%, 5, 4.5, 0.4, 61
8秒ごとに63%の確率で7.2秒間ノーツスコア+20%、100コンボ以上の時はさらにノーツスコア+20%, 8, 7.2, 0.4, 60.5
7秒ごとに63%の確率で6.3秒間ノーツスコア+20%、100コンボ以上の時はさらにノーツスコア+20%, 7, 6.3, 0.4, 60.5
6秒ごとに62%の確率で5.4秒間ノーツスコア+20%、100コンボ以上の時はさらにノーツスコア+20%, 6, 5.4, 0.4, 60.5
5秒ごとに61%の確率で4.5秒間ノーツスコア+20%、100コンボ以上の時はさらにノーツスコア+20%, 5, 4.5, 0.4, 60.5
7秒ごとに63%の確率で6.3秒間ノーツスコア+20%、~編成時はさらにノーツスコア+10%, 7, 6.3, 0.3, 63
5秒ごとに61%の確率で4.5秒間ノーツスコア+20%、~編成時はさらにノーツスコア+10%, 5, 4.5, 0.3, 61
8秒ごとに63%の確率で7.2秒間ノーツスコア+25%, 8, 7.2, 0.25, 63
7秒ごとに63%の確率で6.3秒間ノーツスコア+25%, 7, 6.3, 0.25, 63
6秒ごとに62%の確率で5.4秒間ノーツスコア+25%, 6, 5.4, 0.25, 63
5秒ごとに61%の確率で4.5秒間ノーツスコア+25%, 5, 4.5, 0.25, 61
SSR
10秒ごとに42%の確率で7秒間ノーツスコア+28%, 10, 7, 0.28, 42
7秒ごとに53%の確率で4.9秒間ノーツスコア+18%、~編成時はさらにノーツスコア+8%, 7, 4.9, 0.26, 53
5秒ごとに51%の確率で3.5秒間ノーツスコア+18%、~編成時はさらにノーツスコア+8%, 5, 3.5, 0.26, 51
8秒ごとに53%の確率で5.6秒間ノーツスコア+23%, 8, 5.6, 0.23, 53
7秒ごとに53%の確率で4.9秒間ノーツスコア+23%, 7, 4.9, 0.23, 53
6秒ごとに52%の確率で4.2秒間ノーツスコア+23%, 6, 4.2, 0.23, 52
5秒ごとに51%の確率で3.5秒間ノーツスコア+23%, 5, 3.5, 0.23, 51
SSR（文化祭霊夢）
6秒ごとに62%の確率で5.4秒間ノーツスコア+22%, 6, 5.4, 0.22, 62
SR
4秒毎に67%の確率で3.8秒間ノーツスコア+20%、対象ステージの場合はさらにノーツスコア+30%, 4, 3.8, 0.5, 67
8秒ごとに63%の確率で7.2秒間ノーツスコア+15%、BRILLIANTならさらにノーツスコア+15%, 8, 7.2, 0.3, 63
7秒ごとに63%の確率で6.3秒間ノーツスコア+15%、BRILLIANTならさらにノーツスコア+15%, 7, 6.3, 0.3, 63
6秒ごとに62%の確率で5.4秒間ノーツスコア+15%、BRILLIANTならさらにノーツスコア+15%, 6, 5.4, 0.3, 62
8秒ごとに63%の確率で7.2秒間ノーツスコア+15%、100コンボ以上の時はさらにノーツスコア+15%, 8, 7.2, 0.3, 62.1
7秒ごとに63%の確率で6.3秒間ノーツスコア+15%、100コンボ以上の時はさらにノーツスコア+15%, 7, 6.3, 0.3, 62.1
6秒ごとに62%の確率で5.4秒間ノーツスコア+15%、100コンボ以上の時はさらにノーツスコア+15%, 6, 5.4, 0.3, 62.1
8秒ごとに63%の確率で7.2秒間ノーツスコア+20%, 8, 7.2, 0.2, 63
7秒ごとに63%の確率で6.3秒間ノーツスコア+20%, 7, 6.3, 0.2, 63
6秒ごとに62%の確率で5.4秒間ノーツスコア+20%, 6, 5.4, 0.2, 62